327 259
330 187
233 269
411 335
326 114
329 115
327 240
345 224
204 271
310 275
204 281
312 290
341 275
403 273
336 283
395 280
495 72
525 89
471 147
532 151
627 131
679 134
622 166
693 159
464 206
537 204
483 265
537 274
565 204
635 193
574 255
623 243
187 303
293 338
188 404
274 401
346 326
414 343
357 398
399 385
243 452
283 442
238 522
286 529
334 454
378 463
333 514
380 497
450 312
472 309
452 325
474 325
544 303
661 303
549 310
651 308
445 354
457 346
443 472
453 458
509 347
625 340
498 449
601 428
